time,start,end,in_service
0,2,0,2
1,3,0,5
2,1,0,6
3,2,0,8
4,2,0,10
5,2,0,12
6,3,0,15
7,2,0,17
8,0,1,16
9,1,1,16
10,1,1,16
11,0,1,15
12,3,1,17
13,1,2,16
14,1,2,15
15,0,1,14
16,1,0,15
17,1,0,16
18,2,2,16
19,1,1,16
20,1,0,17
21,1,3,15
22,4,0,19
23,2,0,21
24,3,2,22
25,1,2,21
26,2,1,22
27,0,5,17
28,1,1,17
29,2,1,18
30,4,0,22
31,3,3,22
32,1,0,23
33,2,0,25
34,0,1,24
35,0,1,23
36,1,2,22
37,1,1,22
38,0,0,22
39,0,2,20
40,0,0,20
41,0,0,20
42,0,0,20
43,0,0,20
44,0,1,19
45,4,1,22
46,2,1,23
47,0,2,21
48,0,7,14
49,0,1,13
50,4,0,17
51,1,0,18
52,1,0,19
53,0,1,18
54,2,4,16
55,1,0,17
56,2,1,18
57,0,0,18
58,1,2,17
59,1,0,18
60,0,0,18
61,0,1,17
62,1,1,17
63,1,1,17
64,1,1,17
65,0,1,16
66,1,0,17
67,1,0,18
68,0,0,18
69,1,1,18
70,0,4,14
71,2,1,15
72,0,0,15
73,0,0,15
74,0,0,15
75,0,2,13
76,0,0,13
77,0,0,13
78,0,0,13
79,0,0,13
80,3,2,14
81,0,0,14
82,0,1,13
83,0,0,13
84,0,0,13
85,1,1,13
86,1,2,12
87,2,1,13
88,0,0,13
89,0,1,12
90,0,1,11
91,0,0,11
92,0,0,11
93,0,0,11
94,0,0,11
95,0,0,11
96,0,0,11
97,1,0,12
98,0,0,12
99,0,0,12
100,1,0,13
101,0,0,13
102,0,0,13
103,0,0,13
104,0,2,11
105,0,4,7
106,0,0,7
107,0,0,7
108,0,0,7
109,0,0,7
110,0,0,7
111,0,0,7
112,1,0,8
113,0,0,8
114,0,0,8
115,1,0,9
116,0,1,8
117,0,0,8
118,0,0,8
119,0,0,8
120,0,0,8
121,0,0,8
122,0,0,8
123,0,1,7
124,0,5,2
125,0,0,2
126,0,0,2
127,1,0,3
128,0,0,3
129,0,0,3
130,0,0,3
131,0,0,3
132,0,0,3
133,0,1,2
134,1,0,3
135,0,0,3
136,0,0,3
137,0,0,3
138,0,0,3
139,1,0,4
140,0,0,4
141,0,0,4
142,0,0,4
143,0,0,4
144,1,1,4
145,0,0,4
146,0,1,3
147,0,0,3
148,0,0,3
149,0,1,2
150,0,0,2
151,1,0,3
152,0,0,3
153,1,0,4
154,0,0,4
155,0,1,3
156,0,0,3
157,0,0,3
158,0,0,3
159,0,0,3
160,1,0,4
161,3,1,6
162,0,0,6
163,0,0,6
164,0,0,6
165,0,2,4
166,1,0,5
167,0,0,5
168,0,0,5
169,0,0,5
170,0,0,5
171,0,0,5
172,0,0,5
173,0,0,5
174,0,0,5
175,0,0,5
176,0,0,5
177,0,0,5
178,0,2,3
179,0,0,3
180,0,0,3
181,0,0,3
182,0,0,3
183,0,0,3
184,1,0,4
185,1,0,5
186,0,0,5
187,0,0,5
188,0,0,5
189,0,0,5
190,0,0,5
191,0,0,5
192,0,0,5
193,0,0,5
194,0,1,4
195,0,0,4
196,0,0,4
197,0,0,4
198,0,0,4
199,0,1,3
200,0,0,3
201,0,0,3
202,0,0,3
203,0,0,3
204,0,1,2
205,0,0,2
206,0,0,2
207,0,0,2
208,0,0,2
209,0,0,2
210,0,0,2
211,0,0,2
212,0,0,2
213,0,0,2
214,1,0,3
215,0,0,3
216,0,0,3
217,0,0,3
218,1,0,4
219,0,0,4
220,0,1,3
221,0,0,3
222,0,0,3
223,1,0,4
224,0,0,4
225,0,0,4
226,0,0,4
227,1,1,4
228,0,0,4
229,0,0,4
230,1,1,4
231,0,0,4
232,0,1,3
233,0,0,3
234,0,0,3
235,1,1,3
236,0,0,3
237,0,0,3
238,0,0,3
239,0,0,3
240,0,0,3
241,0,0,3
242,0,0,3
243,0,0,3
244,0,1,2
245,0,0,2
246,0,0,2
247,0,0,2
248,0,0,2
249,0,0,2
250,0,0,2
251,0,1,1
252,0,0,1
253,0,0,1
254,0,0,1
255,0,0,1
256,0,0,1
257,0,0,1
258,0,0,1
259,0,0,1
260,0,0,1
261,0,0,1
262,0,0,1
263,0,0,1
264,0,0,1
265,0,0,1
266,0,0,1
267,1,0,2
268,0,0,2
269,0,0,2
270,0,0,2
271,0,0,2
272,1,0,3
273,0,0,3
274,0,1,2
275,0,0,2
276,1,0,3
277,0,0,3
278,0,0,3
279,0,0,3
280,0,0,3
281,0,0,3
282,0,0,3
283,0,0,3
284,0,0,3
285,0,0,3
286,0,0,3
287,0,0,3
288,0,0,3
289,0,0,3
290,0,0,3
291,0,0,3
292,0,0,3
293,0,0,3
294,1,1,3
295,0,0,3
296,2,1,4
297,0,1,3
298,0,0,3
299,1,0,4
300,1,0,5
301,0,0,5
302,0,0,5
303,0,1,4
304,0,0,4
305,1,1,4
306,0,0,4
307,1,1,4
308,1,0,5
309,0,1,4
310,0,0,4
311,1,0,5
312,0,0,5
313,0,0,5
314,2,0,7
315,3,1,9
316,1,0,10
317,0,1,9
318,0,1,8
319,1,1,8
320,1,0,9
321,3,0,12
322,1,0,13
323,2,0,15
324,0,1,14
325,2,0,16
326,1,2,15
327,1,1,15
328,1,2,14
329,3,0,17
330,3,3,17
331,1,2,16
332,2,0,18
333,1,0,19
334,0,1,18
335,3,0,21
336,0,2,19
337,2,1,20
338,0,1,19
339,1,1,19
340,1,2,18
341,2,2,18
342,0,3,15
343,3,1,17
344,0,1,16
345,1,2,15
346,1,1,15
347,1,0,16
348,0,2,14
349,0,1,13
350,3,1,15
351,3,1,17
352,3,2,18
353,3,0,21
354,1,1,21
355,6,1,26
356,3,2,27
357,1,1,27
358,4,5,26
359,4,3,27
360,2,4,25
361,4,0,29
362,3,4,28
363,2,3,27
364,0,1,26
365,4,5,25
366,4,1,28
367,2,3,27
368,2,3,26
369,1,5,22
370,2,0,24
371,1,2,23
372,3,1,25
373,3,7,21
374,1,1,21
375,1,1,21
376,5,3,23
377,3,2,24
378,3,0,27
379,4,2,29
380,1,7,23
381,3,3,23
382,6,3,26
383,2,2,26
384,7,3,30
385,4,0,34
386,3,2,35
387,3,1,37
388,4,5,36
389,6,3,39
390,4,6,37
391,4,4,37
392,9,2,44
393,6,5,45
394,3,1,47
395,4,5,46
396,5,2,49
397,0,2,47
398,1,7,41
399,5,4,42
400,9,2,49
401,5,2,52
402,7,3,56
403,7,9,54
404,9,7,56
405,7,3,60
406,6,7,59
407,7,6,60
408,5,4,61
409,5,3,63
410,7,6,64
411,3,5,62
412,2,5,59
413,7,7,59
414,5,8,56
415,6,6,56
416,8,6,58
417,12,8,62
418,7,2,67
419,7,9,65
420,8,4,69
421,15,4,80
422,7,8,79
423,17,6,90
424,7,5,92
425,9,4,97
426,4,9,92
427,5,11,86
428,11,11,86
429,8,4,90
430,7,5,92
431,8,11,89
432,10,8,91
433,9,8,92
434,11,9,94
435,4,10,88
436,7,5,90
437,6,4,92
438,10,9,93
439,16,7,102
440,10,10,102
441,7,6,103
442,11,3,111
443,9,6,114
444,8,11,111
445,11,13,109
446,13,10,112
447,19,14,117
448,5,9,113
449,5,8,110
450,6,6,110
451,18,16,112
452,14,9,117
453,13,10,120
454,16,6,130
455,10,9,131
456,11,13,129
457,13,9,133
458,15,10,138
459,19,12,145
460,9,10,144
461,13,20,137
462,14,11,140
463,19,8,151
464,21,10,162
465,15,6,171
466,18,13,176
467,13,14,175
468,11,10,176
469,14,14,176
470,14,15,175
471,16,10,181
472,11,13,179
473,16,15,180
474,16,11,185
475,26,17,194
476,12,14,192
477,11,20,183
478,17,13,187
479,14,19,182
480,12,19,175
481,8,20,163
482,10,10,163
483,16,13,166
484,25,19,172
485,13,14,171
486,22,12,181
487,17,13,185
488,10,16,179
489,22,10,191
490,14,14,191
491,23,15,199
492,17,21,195
493,13,16,192
494,19,14,197
495,19,16,200
496,18,15,203
497,13,9,207
498,21,15,213
499,17,20,210
500,19,12,217
501,18,13,222
502,28,21,229
503,26,16,239
504,20,21,238
505,12,15,235
506,19,25,229
507,18,12,235
508,15,15,235
509,12,24,223
510,26,18,231
511,10,16,225
512,16,20,221
513,14,16,219
514,16,21,214
515,16,13,217
516,13,20,210
517,18,12,216
518,24,13,227
519,11,13,225
520,11,18,218
521,15,22,211
522,17,25,203
523,25,13,215
524,20,21,214
525,20,20,214
526,12,17,209
527,21,16,214
528,16,14,216
529,16,17,215
530,12,18,209
531,16,19,206
532,17,11,212
533,18,22,208
534,14,11,211
535,13,17,207
536,12,18,201
537,14,12,203
538,8,21,190
539,14,23,181
540,13,18,176
541,13,19,170
542,18,15,173
543,15,18,170
544,13,18,165
545,23,16,172
546,13,24,161
547,10,7,164
548,12,16,160
549,4,13,151
550,9,9,151
551,11,13,149
552,19,12,156
553,9,15,150
554,6,20,136
555,11,12,135
556,13,12,136
557,5,9,132
558,11,17,126
559,5,13,118
560,7,10,115
561,11,6,120
562,15,7,128
563,11,8,131
564,10,6,135
565,6,13,128
566,10,6,132
567,10,6,136
568,3,11,128
569,8,12,124
570,10,17,117
571,6,14,109
572,14,9,114
573,11,6,119
574,6,3,122
575,11,17,116
576,3,10,109
577,6,6,109
578,5,7,107
579,6,6,107
580,5,8,104
581,6,5,105
582,5,8,102
583,9,8,103
584,8,8,103
585,7,5,105
586,6,9,102
587,7,9,100
588,7,9,98
589,5,5,98
590,11,6,103
591,5,6,102
592,7,8,101
593,7,5,103
594,5,6,102
595,10,5,107
596,5,6,106
597,8,5,109
598,8,7,110
599,3,4,109
600,6,11,104
601,6,7,103
602,4,4,103
603,2,3,102
604,5,6,101
605,3,3,101
606,1,5,97
607,8,4,101
608,9,3,107
609,3,13,97
610,5,4,98
611,1,3,96
612,5,6,95
613,6,2,99
614,5,1,103
615,5,3,105
616,3,1,107
617,6,5,108
618,4,5,107
619,4,6,105
620,5,6,104
621,6,11,99
622,1,2,98
623,3,7,94
624,3,5,92
625,4,12,84
626,2,6,80
627,7,3,84
628,5,2,87
629,1,4,84
630,6,2,88
631,7,6,89
632,4,4,89
633,6,4,91
634,5,10,86
635,5,3,88
636,7,3,92
637,4,3,93
638,4,1,96
639,7,3,100
640,4,3,101
641,4,3,102
642,2,8,96
643,7,5,98
644,4,5,97
645,7,4,100
646,1,3,98
647,3,5,96
648,4,8,92
649,4,2,94
650,5,5,94
651,7,6,95
652,9,3,101
653,4,6,99
654,5,4,100
655,1,2,99
656,7,1,105
657,2,4,103
658,3,8,98
659,3,5,96
660,4,4,96
661,0,2,94
662,3,4,93
663,4,4,93
664,3,8,88
665,8,1,95
666,6,6,95
667,5,1,99
668,6,2,103
669,8,1,110
670,7,4,113
671,2,1,114
672,4,3,115
673,5,7,113
674,5,1,117
675,8,6,119
676,6,2,123
677,5,3,125
678,5,10,120
679,7,12,115
680,3,2,116
681,5,7,114
682,8,2,120
683,4,6,118
684,4,0,122
685,8,7,123
686,3,5,121
687,7,4,124
688,9,3,130
689,4,5,129
690,4,9,124
691,8,4,128
692,7,6,129
693,10,2,137
694,3,9,131
695,1,4,128
696,10,10,128
697,5,10,123
698,7,4,126
699,11,3,134
700,7,8,133
701,9,7,135
702,14,6,143
703,9,7,145
704,6,5,146
705,7,5,148
706,7,4,151
707,5,8,148
708,8,8,148
709,8,6,150
710,5,2,153
711,5,6,152
712,9,7,154
713,9,4,159
714,9,6,162
715,8,6,164
716,11,8,167
717,7,8,166
718,6,11,161
719,3,6,158
720,6,17,147
721,6,9,144
722,6,7,143
723,4,7,140
724,6,10,136
725,7,8,135
726,9,9,135
727,9,5,139
728,11,6,144
729,4,3,145
730,7,13,139
731,7,8,138
732,9,9,138
733,6,8,136
734,13,8,141
735,3,13,131
736,12,5,138
737,3,6,135
738,12,9,138
739,9,5,142
740,6,8,140
741,13,5,148
742,5,6,147
743,9,5,151
744,7,7,151
745,13,9,155
746,7,9,153
747,10,11,152
748,6,4,154
749,5,12,147
750,10,4,153
751,11,13,151
752,6,10,147
753,8,3,152
754,4,7,149
755,5,5,149
756,1,10,140
757,8,11,137
758,7,10,134
759,5,5,134
760,13,6,141
761,8,4,145
762,10,10,145
763,13,10,148
764,5,3,150
765,4,2,152
766,6,5,153
767,8,4,157
768,4,13,148
769,12,7,153
770,3,5,151
771,11,8,154
772,4,7,151
773,6,6,151
774,3,6,148
775,13,7,154
776,11,10,155
777,2,3,154
778,9,8,155
779,6,12,149
780,3,4,148
781,7,5,150
782,11,7,154
783,7,6,155
784,7,8,154
785,5,6,153
786,7,8,152
787,9,7,154
788,13,10,157
789,8,3,162
790,3,4,161
791,9,3,167
792,4,8,163
793,5,4,164
794,2,17,149
795,9,7,151
796,10,6,155
797,5,6,154
798,9,14,149
799,4,2,151
800,5,8,148
801,6,9,145
802,9,6,148
803,5,10,143
804,8,4,147
805,6,13,140
806,4,13,131
807,4,8,127
808,10,5,132
809,12,3,141
810,6,4,143
811,6,4,145
812,12,5,152
813,7,6,153
814,11,4,160
815,8,7,161
816,3,9,155
817,3,3,155
818,4,10,149
819,11,8,152
820,4,4,152
821,4,6,150
822,8,3,155
823,9,8,156
824,11,3,164
825,9,9,164
826,7,10,161
827,5,7,159
828,8,11,156
829,7,4,159
830,7,4,162
831,7,8,161
832,8,8,161
833,6,3,164
834,9,12,161
835,3,6,158
836,5,7,156
837,5,9,152
838,7,6,153
839,15,5,163
840,11,4,170
841,18,13,175
842,8,10,173
843,3,6,170
844,5,11,164
845,10,9,165
846,5,5,165
847,6,12,159
848,3,9,153
849,5,8,150
850,6,9,147
851,5,8,144
852,6,3,147
853,10,5,152
854,8,11,149
855,8,8,149
856,4,4,149
857,9,5,153
858,4,15,142
859,4,7,139
860,8,3,144
861,8,9,143
862,6,7,142
863,8,10,140
864,7,16,131
865,4,8,127
866,6,10,123
867,7,4,126
868,5,2,129
869,5,2,132
870,1,5,128
871,6,2,132
872,7,0,139
873,9,7,141
874,5,11,135
875,2,7,130
876,5,3,132
877,7,12,127
878,3,6,124
879,5,3,126
880,8,7,127
881,10,7,130
882,6,5,131
883,5,3,133
884,8,4,137
885,15,3,149
886,6,1,154
887,11,5,160
888,6,7,159
889,9,7,161
890,5,4,162
891,5,5,162
892,7,11,158
893,4,12,150
894,1,11,140
895,2,4,138
896,6,8,136
897,8,3,141
898,8,7,142
899,5,6,141
900,4,8,137
901,2,9,130
902,11,7,134
903,9,6,137
904,6,11,132
905,4,5,131
906,7,11,127
907,8,4,131
908,5,3,133
909,8,7,134
910,8,7,135
911,3,9,129
912,6,7,128
913,7,6,129
914,11,5,135
915,5,4,136
916,5,5,136
917,2,6,132
918,10,5,137
919,9,11,135
920,6,6,135
921,11,6,140
922,6,5,141
923,7,8,140
924,7,5,142
925,8,4,146
926,2,5,143
927,2,12,133
928,4,2,135
929,9,7,137
930,9,6,140
931,19,8,151
932,9,5,155
933,13,5,163
934,8,5,166
935,5,1,170
936,11,4,177
937,12,9,180
938,5,13,172
939,10,5,177
940,8,8,177
941,7,9,175
942,14,6,183
943,6,8,181
944,9,10,180
945,9,7,182
946,10,8,184
947,3,7,180
948,9,8,181
949,9,6,184
950,7,14,177
951,4,6,175
952,11,5,181
953,11,16,176
954,11,16,171
955,15,7,179
956,11,15,175
957,6,12,169
958,13,9,173
959,15,9,179
960,12,18,173
961,14,9,178
962,12,10,180
963,12,7,185
964,7,6,186
965,13,9,190
966,5,15,180
967,11,12,179
968,12,15,176
969,13,9,180
970,9,6,183
971,5,16,172
972,15,13,174
973,14,8,180
974,7,11,176
975,10,11,175
976,3,7,171
977,13,7,177
978,13,7,183
979,9,5,187
980,6,10,183
981,6,7,182
982,4,11,175
983,13,11,177
984,9,5,181
985,14,8,187
986,13,18,182
987,11,12,181
988,6,11,176
989,11,3,184
990,11,14,181
991,11,13,179
992,16,10,185
993,12,15,182
994,13,13,182
995,6,9,179
996,8,10,177
997,13,7,183
998,10,5,188
999,10,12,186
1000,16,11,191
1001,14,16,189
1002,18,11,196
1003,16,18,194
1004,14,16,192
1005,14,9,197
1006,11,16,192
1007,16,14,194
1008,16,11,199
1009,12,14,197
1010,12,8,201
1011,18,9,210
1012,18,19,209
1013,11,5,215
1014,10,8,217
1015,15,11,221
1016,16,11,226
1017,17,17,226
1018,15,12,229
1019,14,15,228
1020,12,19,221
1021,17,13,225
1022,25,12,238
1023,18,14,242
1024,20,21,241
1025,15,18,238
1026,21,14,245
1027,21,9,257
1028,17,19,255
1029,19,8,266
1030,17,20,263
1031,14,14,263
1032,18,20,261
1033,22,15,268
1034,21,18,271
1035,14,17,268
1036,20,14,274
1037,16,15,275
1038,17,15,277
1039,19,19,277
1040,28,22,283
1041,18,13,288
1042,17,16,289
1043,13,16,286
1044,16,13,289
1045,25,21,293
1046,10,13,290
1047,15,16,289
1048,28,13,304
1049,22,21,305
1050,21,16,310
1051,21,22,309
1052,30,27,312
1053,23,19,316
1054,33,13,336
1055,22,21,337
1056,30,23,344
1057,20,18,346
1058,28,16,358
1059,28,21,365
1060,23,26,362
1061,21,32,351
1062,14,29,336
1063,25,22,339
1064,31,20,350
1065,18,22,346
1066,16,26,336
1067,20,21,335
1068,23,27,331
1069,17,22,326
1070,17,27,316
1071,19,15,320
1072,21,22,319
1073,27,22,324
1074,23,26,321
1075,23,22,322
1076,21,31,312
1077,27,21,318
1078,20,18,320
1079,25,25,320
1080,22,22,320
1081,20,19,321
1082,20,22,319
1083,28,16,331
1084,19,20,330
1085,12,33,309
1086,17,19,307
1087,19,25,301
1088,26,21,306
1089,30,20,316
1090,20,15,321
1091,14,23,312
1092,25,17,320
1093,20,16,324
1094,21,31,314
1095,24,22,316
1096,22,12,326
1097,26,18,334
1098,14,23,325
1099,8,21,312
1100,27,20,319
1101,25,18,326
1102,11,24,313
1103,16,23,306
1104,21,19,308
1105,20,22,306
1106,24,20,310
1107,15,19,306
1108,14,22,298
1109,20,21,297
1110,15,20,292
1111,15,23,284
1112,14,22,276
1113,23,17,282
1114,16,16,282
1115,19,23,278
1116,17,20,275
1117,23,12,286
1118,23,10,299
1119,27,12,314
1120,17,20,311
1121,22,21,312
1122,24,28,308
1123,24,15,317
1124,23,19,321
1125,15,25,311
1126,28,26,313
1127,18,22,309
1128,13,15,307
1129,28,24,311
1130,22,19,314
1131,20,21,313
1132,14,27,300
1133,10,17,293
1134,10,19,284
1135,22,25,281
1136,16,20,277
1137,18,30,265
1138,26,13,278
1139,9,12,275
1140,10,15,270
1141,18,13,275
1142,14,24,265
1143,25,14,276
1144,17,24,269
1145,11,25,255
1146,16,18,253
1147,19,15,257
1148,14,15,256
1149,11,17,250
1150,12,14,248
1151,16,14,250
1152,13,19,244
1153,13,19,238
1154,19,18,239
1155,22,15,246
1156,16,20,242
1157,10,15,237
1158,14,13,238
1159,15,18,235
1160,10,17,228
1161,15,10,233
1162,14,11,236
1163,18,16,238
1164,18,21,235
1165,8,9,234
1166,11,13,232
1167,11,19,224
1168,18,14,228
1169,10,10,228
1170,6,19,215
1171,12,15,212
1172,16,13,215
1173,12,12,215
1174,11,18,208
1175,8,12,204
1176,13,9,208
1177,9,7,210
1178,16,6,220
1179,9,9,220
1180,21,14,227
1181,12,15,224
1182,16,9,231
1183,10,18,223
1184,14,19,218
1185,14,11,221
1186,17,15,223
1187,14,14,223
1188,16,15,224
1189,12,20,216
1190,10,16,210
1191,11,14,207
1192,14,9,212
1193,12,7,217
1194,13,15,215
1195,13,19,209
1196,10,18,201
1197,11,4,208
1198,19,16,211
1199,5,12,204
1200,9,14,199
1201,13,9,203
1202,17,7,213
1203,12,17,208
1204,12,11,209
1205,5,9,205
1206,15,8,212
1207,11,14,209
1208,13,3,219
1209,13,15,217
1210,6,14,209
1211,12,14,207
1212,9,8,208
1213,10,10,208
1214,10,16,202
1215,9,17,194
1216,15,9,200
1217,9,9,200
1218,13,13,200
1219,13,5,208
1220,12,10,210
1221,11,22,199
1222,10,19,190
1223,14,9,195
1224,10,7,198
1225,11,8,201
1226,15,9,207
1227,6,17,196
1228,13,16,193
1229,12,7,198
1230,8,16,190
1231,8,14,184
1232,6,6,184
1233,9,11,182
1234,9,9,182
1235,10,12,180
1236,10,7,183
1237,7,16,174
1238,10,6,178
1239,10,6,182
1240,8,5,185
1241,11,9,187
1242,8,19,176
1243,4,8,172
1244,14,7,179
1245,8,12,175
1246,12,13,174
1247,15,11,178
1248,6,4,180
1249,5,18,167
1250,10,10,167
1251,12,9,170
1252,5,6,169
1253,9,11,167
1254,11,7,171
1255,13,12,172
1256,6,6,172
1257,12,4,180
1258,13,9,184
1259,16,15,185
1260,9,9,185
1261,5,8,182
1262,11,10,183
1263,8,11,180
1264,10,11,179
1265,12,10,181
1266,4,11,174
1267,9,7,176
1268,5,6,175
1269,13,10,178
1270,9,15,172
1271,7,10,169
1272,12,9,172
1273,6,5,173
1274,4,14,163
1275,4,12,155
1276,6,8,153
1277,6,9,150
1278,9,9,150
1279,5,4,151
1280,6,8,149
1281,10,5,154
1282,9,7,156
1283,5,7,154
1284,3,3,154
1285,9,11,152
1286,7,15,144
1287,12,13,143
1288,13,11,145
1289,11,9,147
1290,7,11,143
1291,10,6,147
1292,8,9,146
1293,7,12,141
1294,5,9,137
1295,5,6,136
1296,5,13,128
1297,11,10,129
1298,8,11,126
1299,1,8,119
1300,7,5,121
1301,8,11,118
1302,7,3,122
1303,6,3,125
1304,10,7,128
1305,12,5,135
1306,8,8,135
1307,10,1,144
1308,7,7,144
1309,11,11,144
1310,8,7,145
1311,8,4,149
1312,9,11,147
1313,4,8,143
1314,6,4,145
1315,8,11,142
1316,6,3,145
1317,4,5,144
1318,3,8,139
1319,10,8,141
1320,8,3,146
1321,6,9,143
1322,10,15,138
1323,11,7,142
1324,4,5,141
1325,7,13,135
1326,7,6,136
1327,8,2,142
1328,5,3,144
1329,6,5,145
1330,7,7,145
1331,12,9,148
1332,5,7,146
1333,12,8,150
1334,9,7,152
1335,9,8,153
1336,5,9,149
1337,6,13,142
1338,4,15,131
1339,11,3,139
1340,3,5,137
1341,11,12,136
1342,7,3,140
1343,9,4,145
1344,6,5,146
1345,7,5,148
1346,9,5,152
1347,12,15,149
1348,6,7,148
1349,6,11,143
1350,3,4,142
1351,3,6,139
1352,3,3,139
1353,5,7,137
1354,8,13,132
1355,10,4,138
1356,2,4,136
1357,5,11,130
1358,5,7,128
1359,7,9,126
1360,5,4,127
1361,6,9,124
1362,6,6,124
1363,5,2,127
1364,3,11,119
1365,7,6,120
1366,2,6,116
1367,4,5,115
1368,8,11,112
1369,5,7,110
1370,7,9,108
1371,4,1,111
1372,3,11,103
1373,5,10,98
1374,3,3,98
1375,4,4,98
1376,1,6,93
1377,5,7,91
1378,6,11,86
1379,3,8,81
1380,6,4,83
1381,0,3,80
1382,3,4,79
1383,2,7,74
1384,1,4,71
1385,2,5,68
1386,2,5,65
1387,7,2,70
1388,5,2,73
1389,3,2,74
1390,2,2,74
1391,4,5,73
1392,2,3,72
1393,3,3,72
1394,1,11,62
1395,3,6,59
1396,1,2,58
1397,4,4,58
1398,1,2,57
1399,3,3,57
1400,2,3,56
1401,3,2,57
1402,5,3,59
1403,3,10,52
1404,1,0,53
1405,1,1,53
1406,4,3,54
1407,3,7,50
1408,2,2,50
1409,1,2,49
1410,0,0,49
1411,1,1,49
1412,2,4,47
1413,1,6,42
1414,1,2,41
1415,2,1,42
1416,2,1,43
1417,3,8,38
1418,2,1,39
1419,3,1,41
1420,0,1,40
1421,4,1,43
1422,3,2,44
1423,3,3,44
1424,0,0,44
1425,2,1,45
1426,2,2,45
1427,3,2,46
1428,3,0,49
1429,3,1,51
1430,3,3,51
1431,4,1,54
1432,2,2,54
1433,0,4,50
1434,1,3,48
1435,2,1,49
1436,3,3,49
1437,1,2,48
1438,0,3,45
1439,1,0,46
1440,0,4,42
