[1] "r"
[[1]]
[1]  1 11

[[2]]
[1]  1  4 11

[[3]]
[1]  1  4  7 11

[[4]]
[1]  1  2  7 11 12

[[5]]
[1]  1  2  4  5  7 11

[[6]]
[1]  1  2  4  5  6 11 12

[[7]]
[1]  1  2  4  5  6  8 11 12

[[8]]
[1]  1  2  3  5  6  7  8 11 12

[[9]]
 [1]  1  2  3  4  5  6  7  8 11 12

[[10]]
NULL

[1] "rmsle"
[[1]]
[1] 11 12

[[2]]
[1]  7 11 12

[[3]]
[1]  1  7 11 12

[[4]]
[1]  1  5  7 11 12

[[5]]
[1]  1  2  5  7 11 12

[[6]]
[1]  1  2  4  5  6 11 12

[[7]]
[1]  1  2  3  5  6  8 11 12

[[8]]
[1]  1  2  4  5  6  8  9 11 12

[[9]]
 [1]  1  2  4  5  6  7  8  9 11 12

[[10]]
NULL

